 total_revenue |  total_cost  | total_profit | profit_margin_pct | total_orders | total_customers | avg_order_value | avg_discount_pct | return_rate_pct 
---------------+--------------+--------------+-------------------+--------------+-----------------+-----------------+------------------+-----------------
  386259523.12 | 317030137.83 |  69229385.29 |             17.92 |        54640 |            8802 |         7069.17 |             8.58 |            8.26
(1 row)

 year_month |   revenue   |   profit   | orders |   aov   | mom_growth_pct 
------------+-------------+------------+--------+---------+----------------
 2023-01    |  7066831.10 | 1371699.04 |   1019 | 6935.06 |               
 2023-02    |  5888928.50 | 1132670.66 |    842 | 6993.98 |         -16.67
 2023-03    |  6978240.20 | 1399522.18 |   1098 | 6355.41 |          18.50
 2023-04    |  7006206.75 | 1378951.57 |   1017 | 6889.09 |           0.40
 2023-05    |  7830176.90 | 1497008.81 |   1176 | 6658.31 |          11.76
 2023-06    |  6455254.90 | 1243521.50 |   1019 | 6334.89 |         -17.56
 2023-07    |  7575084.00 | 1505821.28 |   1091 | 6943.25 |          17.35
 2023-08    |  9234023.80 | 1774395.33 |   1379 | 6696.17 |          21.90
 2023-09    |  7994184.90 | 1517598.99 |   1210 | 6606.76 |         -13.43
 2023-10    | 10590904.90 | 1521904.40 |   1751 | 6048.49 |          32.48
 2023-11    | 10817843.95 | 1491147.75 |   1808 | 5983.32 |           2.14
 2023-12    |  9226424.20 | 1753333.96 |   1414 | 6525.05 |         -14.71
 2024-01    |  8276673.78 | 1682948.22 |   1348 | 6139.97 |         -10.29
 2024-02    |  6958677.80 | 1372145.07 |   1059 | 6570.99 |         -15.92
 2024-03    |  8657294.40 | 1739563.15 |   1330 | 6509.24 |          24.41
 2024-04    |  8745996.41 | 1757461.68 |   1248 | 7008.01 |           1.02
 2024-05    |  9568575.29 | 1895833.38 |   1357 | 7051.27 |           9.41
 2024-06    |  8631965.38 | 1772112.31 |   1271 | 6791.48 |          -9.79
 2024-07    |  8623548.23 | 1783389.86 |   1326 | 6503.43 |          -0.10
 2024-08    | 11721510.94 | 2381725.74 |   1709 | 6858.70 |          35.92
 2024-09    |  9924196.32 | 1907876.28 |   1459 | 6802.05 |         -15.33
 2024-10    | 12399253.95 | 1921422.66 |   1964 | 6313.27 |          24.94
 2024-11    | 15788106.40 | 2139129.92 |   2247 | 7026.30 |          27.33
 2024-12    | 12689964.22 | 2458960.69 |   1696 | 7482.29 |         -19.62
 2025-01    | 12837583.72 | 2398794.60 |   1610 | 7973.65 |           1.16
 2025-02    |  9907197.09 | 1833718.93 |   1278 | 7752.11 |         -22.83
 2025-03    | 11561415.85 | 2232359.98 |   1560 | 7411.16 |          16.70
 2025-04    | 11632048.33 | 2123459.64 |   1506 | 7723.80 |           0.61
 2025-05    | 13127291.72 | 2373245.22 |   1643 | 7989.83 |          12.85
 2025-06    | 12044560.37 | 2083687.18 |   1494 | 8061.95 |          -8.25
 2025-07    | 13295570.35 | 2451684.75 |   1663 | 7994.93 |          10.39
 2025-08    | 15459261.43 | 2831140.92 |   1978 | 7815.60 |          16.27
 2025-09    | 14843391.01 | 2626317.17 |   1777 | 8353.06 |          -3.98
 2025-10    | 17492240.19 | 2263952.97 |   2474 | 7070.43 |          17.85
 2025-11    | 18800510.26 | 2553709.23 |   2660 | 7067.86 |           7.48
 2025-12    | 16608585.58 | 3057170.27 |   2159 | 7692.72 |         -11.66
(36 rows)

 year_month |   revenue   | revenue_same_month_last_year | yoy_growth_pct 
------------+-------------+------------------------------+----------------
 2023-01    |  7066831.10 |                              |               
 2023-02    |  5888928.50 |                              |               
 2023-03    |  6978240.20 |                              |               
 2023-04    |  7006206.75 |                              |               
 2023-05    |  7830176.90 |                              |               
 2023-06    |  6455254.90 |                              |               
 2023-07    |  7575084.00 |                              |               
 2023-08    |  9234023.80 |                              |               
 2023-09    |  7994184.90 |                              |               
 2023-10    | 10590904.90 |                              |               
 2023-11    | 10817843.95 |                              |               
 2023-12    |  9226424.20 |                              |               
 2024-01    |  8276673.78 |                   7066831.10 |          17.12
 2024-02    |  6958677.80 |                   5888928.50 |          18.17
 2024-03    |  8657294.40 |                   6978240.20 |          24.06
 2024-04    |  8745996.41 |                   7006206.75 |          24.83
 2024-05    |  9568575.29 |                   7830176.90 |          22.20
 2024-06    |  8631965.38 |                   6455254.90 |          33.72
 2024-07    |  8623548.23 |                   7575084.00 |          13.84
 2024-08    | 11721510.94 |                   9234023.80 |          26.94
 2024-09    |  9924196.32 |                   7994184.90 |          24.14
 2024-10    | 12399253.95 |                  10590904.90 |          17.07
 2024-11    | 15788106.40 |                  10817843.95 |          45.95
 2024-12    | 12689964.22 |                   9226424.20 |          37.54
 2025-01    | 12837583.72 |                   8276673.78 |          55.11
 2025-02    |  9907197.09 |                   6958677.80 |          42.37
 2025-03    | 11561415.85 |                   8657294.40 |          33.55
 2025-04    | 11632048.33 |                   8745996.41 |          33.00
 2025-05    | 13127291.72 |                   9568575.29 |          37.19
 2025-06    | 12044560.37 |                   8631965.38 |          39.53
 2025-07    | 13295570.35 |                   8623548.23 |          54.18
 2025-08    | 15459261.43 |                  11721510.94 |          31.89
 2025-09    | 14843391.01 |                   9924196.32 |          49.57
 2025-10    | 17492240.19 |                  12399253.95 |          41.07
 2025-11    | 18800510.26 |                  15788106.40 |          19.08
 2025-12    | 16608585.58 |                  12689964.22 |          30.88
(36 rows)

 year |   revenue    |   profit    | yoy_growth_pct 
------+--------------+-------------+----------------
 2023 |  96664104.10 | 17587575.47 |               
 2024 | 121985763.12 | 22812568.96 |          26.20
 2025 | 167609655.90 | 28829240.86 |          37.40
(3 rows)

 year |   aov   | orders_per_customer 
------+---------+---------------------
 2023 | 6516.22 |                5.38
 2024 | 6771.79 |                3.98
 2025 | 7687.26 |                3.67
(3 rows)

 year_month |   revenue   | running_revenue | rolling_3m_revenue | rolling_12m_revenue | moving_avg_3m 
------------+-------------+-----------------+--------------------+---------------------+---------------
 2023-01    |  7066831.10 |      7066831.10 |         7066831.10 |                     |    7066831.10
 2023-02    |  5888928.50 |     12955759.60 |        12955759.60 |                     |    6477879.80
 2023-03    |  6978240.20 |     19933999.80 |        19933999.80 |                     |    6644666.60
 2023-04    |  7006206.75 |     26940206.55 |        19873375.45 |                     |    6624458.48
 2023-05    |  7830176.90 |     34770383.45 |        21814623.85 |                     |    7271541.28
 2023-06    |  6455254.90 |     41225638.35 |        21291638.55 |                     |    7097212.85
 2023-07    |  7575084.00 |     48800722.35 |        21860515.80 |                     |    7286838.60
 2023-08    |  9234023.80 |     58034746.15 |        23264362.70 |                     |    7754787.57
 2023-09    |  7994184.90 |     66028931.05 |        24803292.70 |                     |    8267764.23
 2023-10    | 10590904.90 |     76619835.95 |        27819113.60 |                     |    9273037.87
 2023-11    | 10817843.95 |     87437679.90 |        29402933.75 |                     |    9800977.92
 2023-12    |  9226424.20 |     96664104.10 |        30635173.05 |         96664104.10 |   10211724.35
 2024-01    |  8276673.78 |    104940777.88 |        28320941.93 |         97873946.78 |    9440313.98
 2024-02    |  6958677.80 |    111899455.68 |        24461775.78 |         98943696.08 |    8153925.26
 2024-03    |  8657294.40 |    120556750.08 |        23892645.98 |        100622750.28 |    7964215.33
 2024-04    |  8745996.41 |    129302746.49 |        24361968.61 |        102362539.94 |    8120656.20
 2024-05    |  9568575.29 |    138871321.78 |        26971866.10 |        104100938.33 |    8990622.03
 2024-06    |  8631965.38 |    147503287.16 |        26946537.08 |        106277648.81 |    8982179.03
 2024-07    |  8623548.23 |    156126835.39 |        26824088.90 |        107326113.04 |    8941362.97
 2024-08    | 11721510.94 |    167848346.33 |        28977024.55 |        109813600.18 |    9659008.18
 2024-09    |  9924196.32 |    177772542.65 |        30269255.49 |        111743611.60 |   10089751.83
 2024-10    | 12399253.95 |    190171796.60 |        34044961.21 |        113551960.65 |   11348320.40
 2024-11    | 15788106.40 |    205959903.00 |        38111556.67 |        118522223.10 |   12703852.22
 2024-12    | 12689964.22 |    218649867.22 |        40877324.57 |        121985763.12 |   13625774.86
 2025-01    | 12837583.72 |    231487450.94 |        41315654.34 |        126546673.06 |   13771884.78
 2025-02    |  9907197.09 |    241394648.03 |        35434745.03 |        129495192.35 |   11811581.68
 2025-03    | 11561415.85 |    252956063.88 |        34306196.66 |        132399313.80 |   11435398.89
 2025-04    | 11632048.33 |    264588112.21 |        33100661.27 |        135285365.72 |   11033553.76
 2025-05    | 13127291.72 |    277715403.93 |        36320755.90 |        138844082.15 |   12106918.63
 2025-06    | 12044560.37 |    289759964.30 |        36803900.42 |        142256677.14 |   12267966.81
 2025-07    | 13295570.35 |    303055534.65 |        38467422.44 |        146928699.26 |   12822474.15
 2025-08    | 15459261.43 |    318514796.08 |        40799392.15 |        150666449.75 |   13599797.38
 2025-09    | 14843391.01 |    333358187.09 |        43598222.79 |        155585644.44 |   14532740.93
 2025-10    | 17492240.19 |    350850427.28 |        47794892.63 |        160678630.68 |   15931630.88
 2025-11    | 18800510.26 |    369650937.54 |        51136141.46 |        163691034.54 |   17045380.49
 2025-12    | 16608585.58 |    386259523.12 |        52901336.03 |        167609655.90 |   17633778.68
(36 rows)

 return_rate_lines_pct | refund_value | refund_pct_of_revenue 
-----------------------+--------------+-----------------------
                  8.26 |  31075887.60 |                  8.05
(1 row)

 on_time_delivery_pct | avg_delivery_days_online 
----------------------+--------------------------
                90.61 |                     3.29
(1 row)

 tickets | median_resolution_hours | sla_met_pct | avg_csat 
---------+-------------------------+-------------+----------
    6692 |                    25.9 |       75.37 |     3.70
(1 row)

